Id,Predicted
1,0.08192878416957683
2,0.2138838233622664
3,0.14573983379159472
4,0.043682865743903676
5,0.3204433054306719
6,0.0
7,0.0
8,0.05187458305590553
9,0.043591607760390616
10,0.15053942979648127
11,0.0
12,0.062064481610832445
13,0.4361353050062462
14,0.05960987472462875
15,0.001851882003393257
16,0.0
17,0.1451508034260769
18,0.13764016722234373
19,0.114185296452888
20,0.5427847173596092
21,0.0
22,0.012639990454772487
23,0.29555447064376494
24,0.0
25,0.0769071952545346
26,0.04828020713830483
27,0.01854802918569476
28,0.1268849067582778
29,0.1644699725220562
30,0.10600451806931233
31,0.049568474934858386
32,0.15053942979648127
33,0.030192792746674968
34,0.006194548917846987
35,0.036006947488658625
36,0.0
37,0.0
38,0.0
39,0.32185321853012283
40,0.0
41,0.030192792746674968
42,0.2154505572761991
43,0.0
44,0.0
45,0.0
46,0.0
47,0.33290940292499727
48,0.007950202325446298
49,0.2224159319712271
50,0.03397461109852884
51,0.0
52,0.0
53,0.02655574541677197
54,0.28829329162545037
55,0.0
56,0.11534238034255395
57,0.049568474934858386
58,0.17222539477370447
59,0.030192792746674968
60,0.17465512379203574
61,0.035244057384261396
62,0.14749047599070764
63,0.2548691124848119
64,0.037557284776085
65,0.04836529065869399
66,0.13369925564256846
67,0.08897747615810658
68,0.5812145852996764
69,0.0
70,0.11510825179902895
71,0.0
72,0.013012813633395126
73,0.0
74,0.14749047599070764
75,0.03761741006746888
76,0.31935536333548953
77,0.3309775258803711
78,0.19860502636947786
79,0.0
80,0.22895626619447285
81,0.0
82,0.7006286298574196
83,0.27580119604681386
84,0.0
85,0.08176097815339745
86,0.14183426435192814
87,0.5427847173596092
88,0.3953603217669297
89,0.11929143657107488
90,0.14674290536186163
91,0.04359630912040302
92,0.10779140377235308
93,0.681729245950919
94,0.008599795150075806
95,0.0
96,0.2628805448193816
97,0.06303124206169741
98,0.18445723418335547
99,0.04497184451429348
100,0.14632412005448714
101,0.0
102,0.3685647421561953
103,0.14632412005448714
104,0.0
105,0.12917147743974056
106,0.020066391181444487
107,0.03240820328028349
108,0.10871464732917957
109,0.06189403661846882
110,0.2906235541386195
111,0.0
112,0.24092715405276977
113,0.0
114,0.1069070684898179
115,0.17524883977694117
116,0.2922638675154303
117,0.06114112996510812
118,0.2420573106046504
119,0.11040422912992653
120,0.2041453450183326
121,0.2628805448193816
122,0.0
123,0.0
124,0.0
125,0.006194548917846987
126,0.09854420351803128
127,0.0
128,0.09962827941308205
129,0.14674290536186163
130,0.12442859968632547
131,0.043591607760390616
132,0.053831423068913864
133,0.17790473878812918
134,0.15390592913399814
135,0.3496851231157052
136,0.4271341688422581
137,0.053453783883014694
138,0.0
139,0.03279385919267952
140,0.5060655178185698
141,0.33416855994437356
142,0.0
143,0.0
144,0.5833748587383525
145,0.13649861651083484
146,0.05469029918094748
147,0.0
148,0.07863067083235364
149,0.10856001628781087
150,0.6061463135547456
151,0.21763656323946634
152,0.10475214727011917
153,0.10710843831657257
154,0.25227046522923047
155,0.0
156,0.11352359807642642
157,0.6943887036850356
158,0.0
159,0.0
160,0.14632412005448714
161,0.0
162,0.12077402305021678
163,0.0816464576018916
164,0.04985037329697661
165,0.08332777515170164
166,0.13302288040722487
167,0.12469687879456615
168,0.19261808920600743
169,0.04475675493085873
170,0.07949860435292067
171,0.712548729392438
172,0.0
173,0.11092461205771542
174,0.35538802322844276
175,0.49315853178904945
176,0.34183574522830895
177,0.13410662436035636
178,0.13410662436035636
179,0.09605772886061459
180,0.2628805448193816
181,0.19261673920118483
182,0.0
183,0.3814204137852357
184,0.2947336291508691
185,0.0
186,0.0
187,0.02921551814142731
188,0.17659985757927643
189,0.29524310563283507
190,0.31333196962441434
191,0.08145793197763851
192,0.1021698715940147
193,0.08176097815339745
194,0.0
195,0.04567827674145519
196,0.09055621726838581
197,0.23959049937911914
198,0.1041526863227773
199,0.1124918275490927
200,0.41466121386474697
201,0.054308617364768
202,0.026158170114285895
203,0.0
204,0.0
205,0.4438676296704216
206,0.11132634992554813
207,0.1475606013250399
208,0.0
209,0.0
210,0.11219325601450691
211,0.28332386593228875
212,0.06626150771080574
213,0.1807303637106088
214,0.3524401136664892
215,0.0
216,0.04497184451429348
217,0.23481803940921964
218,0.0
219,0.10746906099120679
220,0.13843458542487497
221,0.4994293628951709
222,0.0
223,0.13728683467707015
224,0.05728177677519852
225,0.23835657671952504
226,0.11104327797693259
227,0.2845613437712018
228,0.19824088351288083
229,0.4516382879592129
230,0.23349422547653376
231,0.11040422912992653
232,0.0766262615161395
233,0.08633845118129102
234,0.08633845118129102
235,0.0
236,0.096697780485556
237,0.004936986733810045
238,0.44129479111143155
239,0.0
240,0.1481064974796027
241,0.15655039224111533
242,0.18060638971473963
243,0.11522068979684263
244,0.10020238001743564
245,0.1655851887899189
246,0.5812145852996764
247,0.0
248,0.5573042534397246
249,0.4340143668177916
250,0.004936986733810045
251,0.26094818707679224
252,0.03019217676063235
253,0.17465512379203574
254,0.33035492886210704
255,0.0
256,0.3754234063271724
257,0.37246296172816074
258,0.1744106023270433
259,0.09369200978471781
260,0.07738913033244899
261,0.0805781884228054
262,0.10475214727011917
263,0.32185321853012283
264,0.08600706421202631
265,0.017670488290605135
266,0.33270033287408296
267,0.4994293628951709
268,0.06996314208845433
269,0.4016452366231533
270,0.06998757680958079
271,0.15053942979648127
272,0.38564302323902666
273,0.2527975379525742
274,0.0
275,0.057315446705615614
276,0.11639831081265584
277,0.15888329787958355
278,0.44129479111143155
279,0.44129479111143155
280,0.19229855629782833
281,0.12060201262647752
282,0.17964226112235337
283,0.2023592982259288
284,0.5996376780749415
285,0.0
286,0.03618041768640978
287,0.11447876641977928
288,0.21545364325720584
289,0.26782605578955554
290,0.27268041262141196
291,0.6061463135547456
292,0.10559266521977406
293,0.09106696057551744
294,0.39767821103305323
295,0.5261514731337229
296,0.06171992812232929
297,0.33050226724662934
298,0.1361003168967727
299,0.10883017417472729
300,0.042269052031770116
301,0.2895934117859724
302,0.25639081358895055
303,0.1468372575182002
304,0.07400534916450852
305,0.08220777623682807
306,0.08787071583901707
307,0.31935536333548953
308,0.17659985757927643
309,0.19139132527106995
310,0.04979041177102772
311,0.4858433859080833
312,0.43114598761076195
313,0.17120252772565436
314,0.10164230926238815
315,0.6375929943678784
316,0.48014639703615103
317,0.0
318,0.09887058442109264
319,0.3496851231157052
320,0.04195793853614305
321,0.0
322,0.2755611092197796
323,0.0
324,0.12843843154951173
325,0.3188337360516016
326,0.5117749952696613
327,0.057980268484243425
328,0.20952378787933412
329,0.04962554096891836
330,0.1384184703729261
331,0.06184200964162301
332,0.0
333,0.39061058247170877
334,0.19980269385268912
335,0.046939250840296154
336,0.40124285768524715
337,0.3524401136664892
338,0.14119780742885268
339,0.12886999629699858
340,0.04190524639307114
341,0.06729928854110767
342,0.11987760953888937
343,0.1021698715940147
344,0.1430094136230764
345,0.04788161034502991
346,0.19252197837158747
347,0.0
348,0.04026404607452605
349,0.026436899604959763
350,0.08131173692527227
351,0.48174158589063154
352,0.026158170114285895
353,0.16004964466537785
354,0.0
355,0.05236738932217122
356,0.0
357,0.15373490595720796
358,0.32004974642222805
359,0.19139132527106995
360,0.0
361,0.10684904316440225
362,0.11641076965497632
363,0.0
364,0.0
365,0.18931082561175572
366,0.18944116144666623
367,0.17478044885319832
368,0.03596571787420544
369,0.0
370,0.240963118541913
371,0.1462697403430866
372,0.28332386593228875
373,0.0
374,0.43168628289822664
375,0.0
376,0.10922457498782023
377,0.36042700212146883
378,0.0
379,0.0
380,0.3346290587060139
381,0.16759428555815248
382,0.03516004143102691
383,0.26179042883632064
384,0.05241689951799344
385,0.06560526380599185
386,0.053453783883014694
387,0.6824024251573064
388,0.4343906875801622
389,0.08762927508905705
390,0.07949860435292067
391,0.0840380893459951
392,0.26882254418887896
393,0.0
394,0.10931260705547174
395,0.07145709917676868
396,0.43114598761076195
397,0.1737646168712672
398,0.041760272806641296
399,0.2238453833379026
400,0.5631320427382889
401,0.6023139151120631
402,0.2713393111971527
403,0.0542075716493855
404,0.3685726342609996
405,0.004936986733810045
406,0.11372657549509313
407,0.23819661942252424
408,0.00021165678883861005
409,0.0
410,0.2750384900091376
411,0.0018533505353843793
412,0.033320263188215904
413,0.17483968458145682
414,0.02965992294230091
415,0.12550175748037873
416,0.022044296720196144
417,0.00871208063836093
418,0.15684237816640234
419,0.07583071962471877
420,0.019231418425988522
421,0.07224985082575586
422,0.08374022080533905
423,0.365730035924571
424,0.25140400836426124
425,0.015564754926572277
426,0.11352359807642642
427,0.07976555439381627
428,0.1800858799379057
429,0.051172539772522896
430,0.4385814635506904
431,0.17218629353737924
432,0.0
433,0.003575119257448023
434,0.26777715984280803
435,0.0
436,0.40184431805028
437,0.0
438,0.14130956346434687
439,0.00037853624600714397
440,0.5037487845729629
441,0.06128500636896206
442,0.0034130602350614936
443,0.04206959002112853
444,0.021004004913265817
445,0.06401987715980795
446,0.08489970820664894
447,0.39414641560597374
448,0.0
449,0.0
450,0.36803695034905104
451,0.006515378356198198
452,0.13755172972923901
453,0.08220777623682807
454,0.09442960194428451
455,0.09450584245678328
456,0.31042796516612725
457,0.11621093159010343
458,0.16191251786221983
459,0.0
460,0.10164230926238815
461,0.3283049066703825
462,0.09060648239028524
463,0.034133676645978994
464,0.11183865959719697
465,0.21725026327112573
466,0.043405463236922515
467,0.02727431503626576
468,0.018843589545213035
469,0.03438906567680533
470,0.00025015903111125226
471,0.5905578918518586
472,0.011351100626598054
473,0.6042945641665938
474,0.3981831675337162
475,0.025909431354193657
476,0.0
477,0.46535480976217514
478,0.0
479,0.0
480,0.38104119153103966
481,0.09877116578718415
482,0.1147574498445465
483,0.126714574487778
484,0.24894877419956174
485,0.0
486,0.0691507570968497
487,0.06128500636896206
488,0.13514418884233237
489,0.0
490,0.7466244933748385
491,0.07583177310516476
492,0.06835615409545426
493,0.00899048240717093
494,0.03205580671601638
495,0.19194365782823297
496,0.26097273009145283
497,0.3077090376164051
498,0.4049907869230083
499,0.28959341177869646
500,0.061399723397698835
501,0.0018165654637414264
502,0.01119444745927467
503,0.5375295240719424
504,0.08975790498698188
505,0.22490370533523674
506,0.11132634992554813
507,0.39523034463672957
508,0.2655357377816472
509,0.31333196962441434
510,0.0
511,0.2857809036559047
512,0.0
513,0.0
514,0.06883303363065352
515,0.48722038983578386
516,0.0
517,0.10018892729567597
518,0.2777570777434448
519,0.4800892450402898
520,0.1430094136230764
521,0.3075522344870478
522,0.33544481258377346
523,0.5833748587383525
524,0.08845571468918934
525,0.21134373151835462
526,0.15375416793722252
527,0.0
528,0.025672364360616484
529,0.0
530,0.09726892422622768
531,0.0
532,0.05015990466745279
533,0.5352310427506382
534,0.04565510775864823
535,0.042269052031770116
536,0.3283755725733499
537,0.12732867748309218
538,0.11717275228966173
539,0.06861845607636496
540,0.2346336862010503
541,0.28079792252992775
542,0.050399559035213315
543,0.08600706421202631
544,0.0564619670403772
545,0.06213251287590538
546,0.3287776532388307
547,0.0
548,0.014563951443051337
549,0.15802606580200518
550,0.20424303498839436
551,0.23613038226540084
552,0.0
553,0.551879883762922
554,0.042127224967771326
555,0.0406576372042764
556,0.0
557,0.12077402305021678
558,0.43917891199180303
559,0.0
560,0.4221202018952681
561,0.057980268484243425
562,0.11247612368879345
563,0.3678081430516613
564,0.0
565,0.0
566,0.14400722348000272
567,0.18121813501238648
568,0.07631989420406171
569,0.0
570,0.0981225737814384
571,0.00899048240717093
572,0.0
573,0.0025194025874952786
574,0.41393085255185724
575,0.0
576,0.40124285768524715
577,0.3961338317621994
578,0.10468674528601696
579,0.6369763953052825
580,0.1518478286343452
581,0.3600438586654491
582,0.22815782875659352
583,0.7303470204551559
584,0.013499279055395164
585,0.23613038226540084
586,0.5447025791745546
587,0.4221202018952681
588,0.02127904438839323
589,0.06415857452702767
590,0.0
591,0.2856414409070567
592,0.213504241026385
593,0.0
594,0.06634443935763557
595,0.23378341661918967
596,0.8352980529352863
597,0.05731309041311761
598,0.09141686214570655
599,0.2502238986926386
600,0.0
601,0.16894512627277436
602,0.5870369022632076
603,0.10215235705527448
604,0.06954375281566172
605,0.13285942478432844
606,0.13389361231929797
607,0.5124447249891091
608,0.21412469344613783
609,0.29718689771470963
610,0.0
611,0.31891364090824936
612,0.016162661468115402
613,0.0935457750401838
614,0.08196653422965028
615,0.269457462720311
616,0.021378142369030684
617,0.056661540425920975
618,0.15373490595720796
619,0.5639130144609226
620,0.23264587008452509
621,0.3528842361720308
622,0.162122623907635
623,0.034133676645978994
624,0.04359299854331766
625,0.057315446705615614
626,0.1446272373505053
627,0.37605354472907493
628,0.24366360809472098
629,0.00606773608160438
630,0.16004964466537785
631,0.0
632,0.08238896071270574
633,0.0006771245789423119
634,0.489147252175826
635,0.2520017135066155
636,0.0
637,0.052903316769516096
638,0.24110269973243703
639,0.13366983649029862
640,0.32004974642222805
641,0.11019344258238561
642,0.0
643,0.2993989668957511
644,0.026423813720612088
645,0.02205618901825801
646,0.0
647,0.527668171287587
648,0.009510156354735955
649,0.06184200964162301
650,0.03516004143102691
651,0.08675892711471533
652,0.372719758986932
653,0.31865149646182545
654,0.03780643136724393
655,0.0
656,0.0018129089922318542
657,0.04587732536310796
658,0.07955595405110216
659,0.23893162901913456
660,0.1561704723535513
661,0.0
662,0.022797955713031115
663,0.6946967446801864
664,0.008350139616595698
665,0.06945007750437071
666,0.0
667,0.004909704101009993
668,0.0
669,0.159010777984804
670,0.051978100618725875
671,0.05932055389530433
672,0.19334679336679983
673,0.8018189107233411
674,0.0
675,0.0
676,0.08330767265942995
677,0.18062842115068634
678,0.019249276219852618
679,0.0
680,0.5006499614082713
681,0.0
682,0.021004004913265817
683,0.48016229997938353
684,0.04075272132467944
685,0.0
686,0.2677431058837101
687,0.15571391326011508
688,0.1688703570562211
689,0.31042796516612725
690,0.14076367509278498
691,0.4385814635506904
692,0.0471942055735326
693,0.12364938089103816
694,0.2649873964064682
695,0.0
696,0.4463050128724717
697,0.16680101221390942
698,0.19625641181823994
699,0.32682281584493467
700,0.1405645165759779
701,0.14418214267789153
702,0.0031740400891138165
703,0.14303566725538985
704,0.0
705,0.02479423761178623
706,0.08774549404915888
707,0.36515677404167945
708,0.27747955844461103
709,0.06614700481077307
710,0.046939250840296154
711,0.0
712,0.11004026601858641
713,0.19824088351288083
714,0.1436508239748946
715,0.10827323499324848
716,0.16836976920239977
717,0.08431201186431281
718,0.27287670921396057
719,0.0
720,0.1463541356170026
721,0.0
722,0.36998066494925297
723,0.15755734703634516
724,0.6935075859410063
725,0.0
726,0.0
727,0.35304102224881717
728,0.057406099451327464
729,0.0
730,0.10018892729567597
731,0.25892416946680896
732,0.24974591052068718
733,0.48684824347401445
734,0.41318488933029585
735,0.21323405346083746
736,0.0
737,0.027778717991623125
738,0.04985037329697661
739,0.0893779930229357
740,0.07047697325651825
741,0.16585411221785762
742,0.05882245757493365
743,0.5006499614082713
744,0.2950167118506215
745,0.2713232805272128
746,0.0
747,0.02590039124697796
748,0.3519493647108902
749,0.06940513211338839
750,0.03057258267836005
751,0.6807270821791462
752,0.8352980529352863
753,0.0
754,0.022500262048197328
755,0.17963322730247455
756,0.0018165654655604158
757,0.0426869366219762
758,0.018767866924918053
759,0.34783842180058855
760,0.19311629285948584
761,0.008331649125466356
762,0.1491095140154357
763,0.207481217554232
764,0.3603862310437762
765,0.0
766,0.20578856669271772
767,0.29274120940317516
768,0.15170477811989258
769,0.13552561968754162
770,0.19647029766656487
771,0.31085376729060954
772,0.0
773,0.07631321251938061
774,0.17790473878812918
775,0.0
776,0.09142415066617104
777,0.3098717941393261
778,0.0
779,0.1162629779537383
780,0.5278456120095143
781,0.04247983411369205
782,0.061021743842502474
783,0.4463050128724717
784,0.4463050128724717
785,0.5793331981694791
786,0.14130956346434687
787,0.1905737255437998
788,0.0654816244759786
789,0.04872612056169601
790,0.0
791,0.15660855630994774
792,0.18547044648767042
793,0.08131173692527227
794,0.22249406935588922
795,0.0
796,0.044857941909867804
797,0.08224018059263472
798,0.1063065942544199
799,0.025926361011443078
800,0.07676463269854139
801,0.07981815367384115
802,0.1026666054603993
803,8.654595012558275e-05
804,0.2106108305415546
805,0.09502699078075239
806,0.20370362344510795
807,0.15077121291687945
808,0.09060648239028524
809,0.49609668895209325
810,0.0
811,0.0023466304710382246
812,0.09585479282759479
813,0.3053747803182887
814,0.0
815,0.31259628244151827
816,0.0
817,0.09343121890196926
818,0.02672084982987144
819,0.07271617943843012
820,0.27604702622375044
821,0.0
822,0.027778717991623125
823,0.0
824,0.46535480976217514
825,0.21698713536443393
826,0.0935457750401838
827,0.0
828,0.14130956346434687
829,0.4682296336723084
830,0.1965686098756123
831,0.1420403692391119
832,0.15915248135570437
833,0.22249406933406135
834,0.2842339871722288
835,0.0212917883782211
836,0.08053884110904619
837,0.08798956095324684
838,0.18615627774124732
839,0.04644815462415863
840,0.017736147110554157
841,0.005211456547840498
842,0.21342135966551723
843,0.05241689951799344
844,0.3668589482713287
845,0.18851175810686982
846,0.26782605578955554
847,0.01808641127718147
848,0.20287581510001473
849,0.09044783873105189
850,0.12668399802896602
851,0.045627471485204296
852,0.10713900850123537
853,0.15004432670320966
854,0.0
855,0.08309921092768491
856,0.19216688667620474
857,0.048030296002252726
858,0.5870369022632076
859,0.475970273690109
860,0.12371822431668988
861,0.002088081962938304
862,0.12476405181587324
863,0.04680217731220182
864,0.0009807785427256022
865,0.14380217039524723
866,0.17790473878812918
867,0.11107918690595397
868,0.01514530406348058
869,0.005132707963639405
870,0.033340087520628
871,0.04703394531327376
872,0.01820890908857109
873,0.098431006197643
874,0.03795641342003364
875,0.1189474240400159
876,0.5296290610785945
877,0.0883939280283812
878,0.16023226269317092
879,0.024229290342191234
880,0.0
881,0.11070342932544008
882,0.25878045257923077
883,0.5479414922901924
884,0.17553797292021045
885,0.07079486283964798
886,0.058425163529136626
887,0.0
888,0.05906124352986808
889,0.1087221880989091
890,0.0981225737814384
891,0.00899048240717093
892,0.1069070684898179
893,0.25339829694712535
894,0.007401742317597382
895,0.1407407140086434
896,0.06846679772752395
897,0.0
898,0.3084943555868449
899,0.22487053688018932
900,0.09141686214570655
901,0.015186846534561482
902,0.20587252982113569
903,0.1147032708986444
904,0.058242605694431404
905,0.3222484133730177
906,0.1778423462747014
907,0.0
908,0.34116860095309676
909,0.15870799771983002
910,0.09954176465907949
911,0.11087300291910651
912,0.14109872988228744
913,0.09060648239028524
914,0.05957196167219081
915,0.09582955974838114
916,0.11675993388234929
917,0.18599800763331586
918,0.3620969680050621
919,0.49661549479969835
920,0.03958729253463389
921,0.28946149879993754
922,0.08238896071270574
923,0.041793754824539064
924,0.023894797875982476
925,0.0599573252547998
926,0.17778529136739962
927,0.08191053623704647
928,0.5600188345269999
929,0.21620361569875968
930,0.3346290587060139
931,0.05810618323630479
932,0.21167220637471473
933,0.2812561746832216
934,0.3021704870798203
935,0.0
936,0.0
937,0.0
938,0.37666924312543415
939,0.0
940,0.04985037329697661
941,0.54990696504683
942,0.0
943,0.4330071016374859
944,0.11546178116986994
945,0.4223479669471999
946,0.09122485253828927
947,0.2950167118506215
948,0.06835615409545426
949,0.06401987715980795
950,0.017405347654857906
951,0.062064481610832445
952,0.062064481610832445
953,0.06549382926459657
954,0.18615627774124732
955,0.32925208834785735
956,0.28295324393184274
957,0.19153394150816894
958,0.11177204200794222
959,0.4601007576293341
960,0.11211575266588625
961,0.3222484133730177
962,0.5057979129451269
963,0.19582058100604627
964,0.22194872305226454
965,0.35504269724879123
966,0.0
967,0.48014639703615103
968,0.24380072547137388
969,0.591366789822132
970,0.0471942055735326
971,0.4529103756376571
972,0.0
973,0.28613389903148345
974,0.01095546882970666
975,0.1212753674153646
976,0.07503601748794608
977,0.47244961102660454
978,0.0596304735454396
979,0.0
980,0.1327211950410856
981,0.07674899403718882
982,0.2349460449477192
983,0.21118127054614888
984,0.10980580005707452
985,0.07399611052824184
986,0.712548729392438
987,0.3651858410848945
988,0.5996376780749415
989,0.032607260694021534
990,0.0
991,0.0904026336302195
992,0.18941801113260226
993,0.09502699078075239
994,0.11132634992554813
995,0.05416659800357593
996,0.15932068135225563
997,0.15383941309301008
998,0.11132634992554813
999,0.11132634992554813
1000,0.1128652889674413
1001,0.05058783688946278
1002,0.032625419056785177
1003,0.15951917562779272
1004,0.49066463753388234
1005,0.6320585790135738
1006,0.24908354857143422
1007,0.44535095405626635
1008,0.017292512937274296
1009,0.19706479069282068
1010,0.0
1011,0.0
1012,0.6430746527712472
1013,0.022276030274952063
1014,0.12113209547442239
1015,0.08604207603548275
1016,0.0351239230549254
1017,0.6524039562500548
1018,0.3519493647108902
1019,0.2786780141232157
1020,0.07955595405110216
1021,0.04247983411369205
1022,0.07877009560979786
1023,0.0
1024,0.560786176777583
1025,0.0
1026,0.07796796768707281
1027,0.06795541947985839
1028,0.6979687688371996
1029,0.3476195464686498
1030,0.16560776409460232
1031,0.0
1032,0.07352924514088954
1033,0.05482425389936907
1034,0.00019354288163242472
1035,0.184219217098871
1036,0.7362999480556027
1037,0.15814931627210171
1038,0.14810862737795105
1039,0.005132707963639405
1040,0.012255221019586315
1041,0.5541541902493918
1042,0.5083747623139061
1043,0.10017900863749674
1044,0.3217711051374863
1045,0.04965013347054992
1046,0.04008071330827079
1047,0.05675824438185373
1048,0.15296779088157564
1049,0.3961072611818963
1050,0.0
1051,0.0
1052,0.014466148606516072
1053,0.3379291629717045
1054,0.11695910268463194
1055,0.18561638257415325
1056,0.1561704723535513
1057,0.05058783690674318
1058,0.2507299396511371
1059,0.1089299527102412
1060,0.4165554329747465
1061,0.6024951039680673
1062,0.02487848470946119
1063,0.3332503300589451
1064,0.08751179151840915
1065,0.3021704870798203
1066,0.06415857452702767
1067,0.011591332653551945
1068,0.04568050951456826
1069,0.04587732536310796
1070,0.09604741298517183
1071,0.009146382460130553
1072,0.0
1073,0.09949855199738522
1074,0.12540666466611583
1075,0.35993264523131074
1076,0.041793754824539064
1077,0.05983128504794877
1078,0.20327857888878498
1079,0.18218917210288055
1080,0.17567627794687724
1081,0.16475375867230468
1082,0.0
1083,0.031040772514643322
1084,0.05575003393187217
1085,0.29697467326514015
1086,0.2744098078801471
1087,0.2744098078801471
1088,0.0
1089,0.06375688167463522
1090,0.5804351403348846
1091,0.0
1092,0.42655589134574257
1093,0.1130712601061532
1094,0.2935050862679418
1095,0.0
1096,0.11246250921340106
1097,0.0
1098,0.04753800394155405
1099,0.0
1100,0.008901494076326344
1101,0.0
1102,0.4720623697526207
1103,0.39642160074799904
1104,0.23516233458576608
1105,0.0025194025874952786
1106,0.02287974216051225
1107,0.2845613437712018
1108,0.0065370464872103184
1109,0.009377257010783069
1110,0.039337316189630656
1111,0.017837635436080745
1112,0.35123837275568803
1113,0.11423442819659613
1114,0.04950830144662177
1115,0.5212640430545434
1116,0.00047969011575332843
1117,0.1496174616731878
1118,0.22541683664894663
1119,0.13506962379778997
1120,0.26782605578955554
1121,0.24569534174588625
1122,0.18300048667151714
1123,0.17782622591676045
1124,0.06742349681189808
1125,0.6635131265829841
1126,0.0
1127,0.46535480976217514
1128,0.6693427429127041
1129,0.10574401167286851
1130,0.0
1131,0.0
1132,0.013417612273087798
1133,0.03548350976052461
1134,0.08521036535421445
1135,0.12711194441726548
1136,0.041407109403735376
1137,0.14844143444861402
1138,0.09676119115101756
1139,0.0874315094515623
1140,0.14911937818396837
1141,0.09877600995787361
1142,0.07981304505483422
1143,0.40033328643767163
1144,0.07560666654171655
1145,0.2688205981030478
1146,0.1144271875909908
1147,0.12466423197838594
1148,0.801170903971979
1149,0.03937357650465856
1150,0.06017414408051991
1151,0.16669338571227854
1152,0.10747935458311986
1153,0.08820431180902233
1154,0.047857871355518
1155,0.0
1156,0.13390601981791406
1157,0.12647325927355269
1158,0.047685979787274846
1159,0.16204814559023362
1160,0.042127224967771326
1161,0.0
1162,0.15435505174173159
1163,0.0
1164,0.07220922357737436
1165,0.08407867633468413
1166,0.14830654315119318
1167,0.04649883149613743
1168,0.09149772314776783
1169,0.08749007380538387
1170,0.1147574498445465
1171,0.09955787920989678
1172,0.024230434388300637
1173,0.09585313410207164
1174,0.07564807262860995
1175,0.0719636646554136
1176,0.06248157985282887
1177,0.1355799541424858
1178,0.05353562776144827
1179,0.02965992294230091
1180,0.30190523162855243
1181,0.05688877624561428
1182,0.08142677636351436
1183,0.47507833925283194
1184,0.14911937818396837
1185,0.00821816493589722
1186,0.6807270821791462
1187,0.46363917056805803
1188,0.13713871051731985
1189,0.29273270255907846
1190,0.0275848016171949
1191,0.058605377709682216
1192,0.24683821973667364
1193,0.1250728217901269
1194,0.1701672214330756
1195,0.6136852683976031
1196,0.5084539645122277
1197,0.0
1198,0.0841898978324025
1199,0.11622530314343749
1200,0.34088554800109705
1201,0.35116376111091085
1202,0.17430342002444377
1203,0.1536164919307339
1204,0.11440099966966955
1205,0.10172039680583111
1206,0.25246859639082686
1207,0.5707080206875617
1208,0.48196894256216183
1209,0.3254556689571473
1210,0.025909431354193657
1211,0.009377257010783069
1212,0.058242040391633054
1213,0.019300682077300735
1214,0.0
1215,0.09617241466548876
1216,0.10299611777190876
1217,0.0
1218,0.09854064924729755
1219,0.03895379594723636
1220,0.08002893619232054
1221,0.0037523948285524966
1222,0.07111328014434548
1223,0.23069968630443327
1224,0.1355799541424858
1225,0.09604423156270059
1226,0.050023482588585466
1227,0.5775199307299772
1228,0.40033328643767163
1229,0.05333886973858171
1230,0.04297599779783923
1231,0.1886293880361336
1232,0.06308579552205629
1233,0.0
1234,0.22033720017498126
1235,0.030060282624617685
1236,0.1063065942544199
1237,0.11720342795160832
1238,0.15371287992456928
1239,0.1441252056756639
1240,0.21545364325720584
1241,0.10870044834518922
1242,0.07917131597423577
1243,0.13210667435669166
1244,0.13382897022893303
1245,0.17418158438886167
1246,0.13204303912789328
1247,0.1460619083736674
1248,0.13696277136477875
1249,0.06313164551647787
1250,0.0
1251,0.3347535304428675
1252,0.4279528919673794
1253,0.2052663780596049
1254,0.772374048949132
1255,0.2777582002363488
1256,0.6243293914421884
1257,0.04938788953722906
1258,0.033320263188215904
1259,0.25855654353745194
1260,0.04132061765267281
1261,0.43901199694118986
1262,0.5054867728040335
1263,0.06122617668370367
1264,0.005376098082706449
1265,0.07851160949758196
1266,0.09239555725253012
1267,0.290319097955944
1268,0.0488687847428082
1269,0.05098375592933735
1270,0.007921196567622246
1271,0.007921196567622246
1272,0.025591100433302927
1273,0.0
1274,0.3733765219394627
1275,0.16898774279070494
1276,0.167796706829904
1277,0.3829771252376304
1278,0.057980268484243425
1279,0.017527928644994972
1280,0.1157783521211968
1281,0.07495292165549472
1282,0.022276030274952063
1283,0.10109443487453973
1284,0.2296082804323305
1285,0.37605354472907493
1286,0.3120631709389272
1287,0.11822074908195646
1288,0.04962554096891836
1289,0.37233048312009487
1290,0.21893679791810428
1291,0.1023363770400465
1292,0.0
1293,0.04385657170496415
1294,0.32718869740347145
1295,0.0064115774039237294
1296,0.048793302397825755
1297,0.05326049484210671
1298,0.0
1299,0.00047969011575332843
1300,0.7466244933748385
1301,0.03638612456052215
1302,0.09167145787159825
1303,0.014324031104479218
1304,0.1709822998236632
1305,0.7366983539404828
1306,0.4745043809944036
1307,0.0
1308,0.07826775699140853
1309,0.03591423294164997
1310,0.28230194321986346
1311,0.1583288333222299
1312,0.031002737419839832
1313,0.11015253246659995
1314,0.08374022080533905
1315,0.0699299311672803
1316,0.13931399950524792
1317,0.033070842542656465
1318,0.11524686073516932
1319,0.009320265177848341
1320,0.5347371711832238
1321,0.06458577053854242
1322,0.44676005664950935
1323,0.07543110198321301
1324,0.43114598761076195
1325,0.138163765968784
1326,0.0
1327,0.09805513974060887
1328,0.0
1329,0.025292794842243893
1330,0.11675993388234929
1331,0.35549838475344586
1332,0.044656038525317854
1333,0.09174435346494647
1334,0.1005996207240969
1335,0.012220672328112414
1336,0.04190524639125215
1337,0.013116554176576756
1338,0.01690607968430413
1339,0.10542789072860614
1340,0.13476855051339953
1341,0.05117341001823661
1342,0.07228325646610756
1343,0.4919591492616746
1344,0.21692905475356383
1345,0.2855933923183329
1346,0.04719311154076422
1347,0.3626020445353788
1348,0.006218363680090988
1349,0.0
1350,0.0898382695067994
1351,0.4605990354411915
1352,0.07300145096814958
1353,0.5941103669028962
1354,0.19880423695212812
1355,0.05730803553342412
1356,0.0
1357,0.2623963212427043
1358,0.0
1359,0.05231507553435222
1360,0.08533668435848085
1361,0.17353502469268278
1362,0.08028561117134814
1363,0.22301121210784913
1364,0.17913506461991346
1365,0.3381712133432302
1366,0.022276030274952063
1367,0.14539174645869934
1368,0.0
1369,0.19362327525232104
1370,0.037982894009473966
1371,0.03007650561266928
1372,0.06240103486015869
1373,0.01077148954027507
1374,0.32956294299810907
1375,0.0548482837980373
1376,0.3177616966086134
1377,0.0
1378,0.18944116144666623
1379,0.08114468508210848
1380,0.0
1381,0.015573769891489064
1382,0.11495851521431177
1383,0.27104043368763087
1384,0.16172398815388078
1385,0.11680927945053554
1386,0.06461290111110429
1387,0.02341206933488138
1388,0.0
1389,0.6358736266156484
1390,0.5991349842815907
1391,0.07018594676173961
1392,0.6358736266156484
1393,0.2170697029105213
1394,0.36410294710003654
1395,0.05592618971604679
1396,0.28295786557009706
1397,0.036488571644440526
1398,0.13408786927175242
1399,0.0910478356272506
1400,0.09626711895725748
1401,0.16760297196924512
1402,0.22962380965145712
1403,0.08014456136334047
1404,0.5678908888494334
1405,0.010781070595839992
1406,0.0
1407,0.07267071900423616
1408,0.10883017417472729
1409,0.11303398781456053
1410,0.012778325576618954
1411,0.24267420174510335
1412,0.0909327217259488
1413,0.3801494602112143
1414,0.5328267078302815
1415,0.4183674885698565
1416,0.5753504166314087
1417,0.14526824183303688
1418,0.03505789235896373
1419,0.04788527958226041
1420,0.2213993701916479
1421,0.29445919332101766
1422,0.05592618971604679
1423,0.12523132991373132
1424,0.08659623240782821
1425,0.2798394947039924
1426,0.2843448401126807
1427,0.0
1428,0.06121803781934432
1429,0.04057711795212526
1430,0.005211456547840498
1431,0.03954675518616568
1432,0.0
1433,0.05788098003176856
1434,0.09699682490463601
1435,0.07885249235914671
1436,0.4601007576293341
1437,0.5639130144609226
1438,0.20826128158387291
1439,0.09285599173290393
1440,0.09329746029743546
1441,0.10147996082378086
1442,0.0
1443,0.0847691983126424
1444,0.2181321871066757
1445,0.13227843856111576
1446,0.0
1447,0.06614620414075034
1448,0.0931761024885418
1449,0.09119451117112476
1450,0.16900320454442408
1451,0.03818928141026845
1452,0.0
1453,0.1978258163871942
1454,0.08322797830442141
1455,0.1104723721909977
1456,0.11431216451637738
1457,0.24211417310107208
1458,0.04546694656710315
1459,0.027211971006181557
1460,0.05593585052884009
1461,0.0
1462,0.2386305035688565
1463,0.3029536924314016
1464,0.0
1465,0.6034262193788891
1466,0.4265024096507659
1467,0.10235635405842913
1468,0.10966512150662311
1469,0.17086010209641245
1470,0.5272393510258553
1471,0.5968823604935096
1472,0.3165726318529778
1473,0.2320646258558554
1474,0.17587658812408336
1475,0.04328441248253512
1476,0.06582091393465817
1477,0.2116526920472097
1478,0.19358831701265444
1479,0.07935029687723727
1480,0.0
1481,0.030634224520326825
1482,0.002655113806895315
1483,0.13380351335035812
1484,0.05503933784257242
1485,0.01837542520433999
1486,0.003916114088497125
1487,0.15766869046456122
1488,0.14160441797321255
1489,0.13852013847008493
1490,0.562401847953879
1491,0.22246647710926482
1492,0.06402638959684737
1493,0.002938005858595716
1494,0.0
1495,0.13640784349740898
1496,0.3071150738378492
1497,0.1983831527231814
1498,0.05683196595600748
1499,0.0
1500,0.04467651762388414
1501,0.1298914815615717
1502,0.2142306330538304
1503,0.16889701733816764
1504,0.012861742894529016
1505,0.0
1506,0.08191053623704647
1507,0.07058636242254579
1508,0.1209962341672508
1509,0.04231697392697242
1510,0.04402173175185453
1511,0.44923139521597477
1512,0.05810618323630479
1513,0.08234453725344792
1514,0.0
1515,0.38476308443387097
1516,0.6042945641665938
1517,0.18218917210288055
1518,0.06392615378263145
1519,0.342788420344732
1520,0.0
1521,0.0
1522,0.025591100433302927
1523,0.18445697260722227
1524,0.08673047259435407
1525,0.5713572742342876
1526,0.08408286641497398
1527,0.0
1528,0.10947358139856078
1529,0.17615048772495356
1530,0.3466480987262912
1531,0.10970431923306023
1532,0.06692479730918421
1533,0.0
1534,0.02127904438839323
1535,0.0
1536,0.20213937389053172
1537,0.14002967399756017
1538,0.08798956095324684
1539,0.11247612368879345
1540,0.20522552983720743
1541,0.24057673282004544
1542,0.013095270493067801
1543,0.0
1544,0.2233471972631378
1545,0.19625641181823994
1546,0.2875454887334854
1547,0.27161152997814497
1548,0.05461237775853078
1549,0.08567745678010397
1550,0.16323308720347995
1551,0.0
1552,0.12472510258294278
1553,0.03870820334987002
1554,0.05437526487730793
1555,0.26698699514963664
1556,0.0
1557,0.0
1558,0.0
1559,0.5190790279357316
1560,0.010304990979420836
1561,0.09137194056165754
1562,0.0
1563,0.4223479669471999
1564,0.010850950098696188
1565,0.06970386517969018
1566,0.05342546071801735
1567,0.40989596184226684
1568,0.06144385976767808
1569,0.07889902145507222
1570,0.2552640464382421
1571,0.4785515898902304
1572,0.3857849145515502
1573,0.03237269903365814
1574,0.0
1575,0.0
1576,0.0
1577,0.0
1578,0.0
1579,0.019678212852795696
1580,0.712548729392438
1581,0.5881747967678166
1582,0.2170697029105213
1583,0.0
1584,0.08459160730308213
1585,0.07765237893727317
1586,0.0
1587,0.054452999086606724
1588,0.0
1589,0.2695999392981321
1590,0.0
1591,0.03723910066401004
1592,0.0
1593,0.05570389978311141
1594,0.4239149324803293
1595,0.0
1596,0.0868517860862994
1597,0.034235636959238036
1598,0.11387146378638136
1599,0.05389673857098387
1600,0.0
1601,0.11331195836555708
1602,0.15192807988842105
1603,0.04254850423967582
1604,0.039388462480928865
1605,0.3035706506543647
1606,0.034531237852206687
1607,0.0
1608,0.0210865446661046
1609,0.1219959241552715
1610,0.06238289430257282
1611,0.046902334070182405
1612,0.08989327484414389
1613,0.22324533991559292
1614,0.21027864919324202
1615,0.04531308904824982
1616,0.1470687085411555
1617,0.0
1618,0.35225846319735865
1619,0.14607874995726888
1620,0.13279347186471568
1621,0.005997155883051164
1622,0.1739249633428699
1623,0.07666961475842982
1624,0.013385860744165257
1625,0.12494961211268674
1626,0.0
1627,0.100890790045014
1628,0.047821858468523715
1629,0.046042975266573194
1630,0.17086010209641245
1631,0.07338140793285675
1632,0.14980822591132892
1633,0.05058783690674318
1634,0.0
1635,0.0
1636,0.14920853903822717
1637,0.07713984782276384
1638,0.02177784130890359
1639,0.12638097434683004
1640,0.0
1641,0.12796760951459873
1642,0.11533671764186693
1643,0.048062380143164773
1644,0.01992400155904761
1645,0.15077121291687945
1646,0.15819928383825754
1647,0.17966096019790712
1648,0.11616371382933721
1649,0.3383750090160902
1650,0.1405989634395155
1651,0.2065884336589079
1652,0.30701629977920675
1653,0.11685264753123192
1654,0.024569989545852877
1655,0.042120271225257966
1656,0.0628883669305651
1657,0.18599800763331586
1658,0.3610517127253843
1659,0.026971345840138383
1660,0.0
1661,0.006912582259246847
1662,0.5679267491900646
1663,0.4385814635506904
1664,0.0
1665,0.16866459775155818
1666,0.0
1667,0.0
1668,0.14914881771801447
1669,0.0
1670,0.013013102528930176
1671,0.015851465477680904
1672,0.009893292748984095
1673,0.00568216442479752
1674,0.22192780657678668
1675,0.049777159206769284
1676,0.1363891199966929
1677,0.0
1678,0.1067954409545564
1679,0.1903716231195176
1680,0.06400420063255297
1681,0.0
1682,0.0
1683,0.05064818941082194
1684,0.021173920769797405
1685,0.21960616374235542
1686,0.0214008762013691
1687,0.07230936277846922
1688,0.4471517150659565
1689,0.29557848396143527
1690,0.018030193598860933
1691,0.16889701733816764
1692,0.4454345712356371
1693,0.003585940676202881
1694,0.0
1695,0.058988742965084384
1696,0.394457840206087
1697,0.04536917676796293
1698,0.0875383726979635
1699,0.042761993212479865
1700,0.006247595849345089
1701,0.3310128144657938
1702,0.48346356401179946
1703,0.18506718469870975
1704,0.33706131622966495
1705,0.23423936555263936
1706,0.0999814072602021
1707,0.07291965786680521
1708,0.053432306805916596
1709,0.16879269990022294
1710,0.12970320762178744
1711,0.41065826732119604
1712,0.004525572365992048
1713,0.33186991381808184
1714,0.027880854129762156
1715,0.04016684924317815
1716,0.050328653496762854
1717,0.024045954567554872
1718,0.3949028833067132
1719,0.0
1720,0.05451739354793972
1721,0.019462565586763958
1722,0.05016109417556436
1723,0.09737087112443987
1724,0.026384129960206337
1725,0.0
1726,0.009917311395838624
1727,0.0
1728,0.06818135336470732
1729,0.041050992928830965
1730,0.07234987696210737
1731,0.26964343581857975
1732,0.014249860107156564
1733,0.0
1734,0.0909067555630827
1735,0.3783396919225197
1736,0.004890548591447441
1737,0.2071840596418042
1738,0.0
1739,0.22301121210784913
1740,0.019888554103999923
1741,0.10299611777190876
1742,0.062064481610832445
1743,0.6693427429127041
1744,0.5403562972023792
1745,0.634263821724744
1746,0.1593319890980638
1747,0.1499268859934091
1748,0.2048101380416938
1749,0.045974781449331203
1750,0.14539174645869934
1751,0.0
1752,0.09180475358880358
1753,0.3475900810681196
1754,0.029104578316037077
1755,0.0
1756,0.2203649980924638
1757,0.4028173898050227
1758,0.0114953659594903
1759,0.07949860435292067
1760,0.0
1761,0.21431691463476454
1762,0.5996376780749415
1763,0.5639130144609226
1764,0.04199222652368917
1765,0.21999310968476493
1766,0.2397042076645448
1767,0.1418596485245871
1768,0.04165603029377962
1769,0.3580167697291472
1770,0.07352924514088954
1771,0.0
1772,0.34088554800109705
1773,0.1541398487988772
1774,0.012126293735036597
1775,0.32924860563980474
1776,0.0936511459403846
1777,0.02222076260477479
1778,0.009377257010783069
1779,0.032008716956624994
1780,0.05704029668459043
1781,0.062064481610832445
1782,0.17766210103764024
1783,0.11858521712747461
1784,0.1645386211339428
1785,0.42579463000765827
1786,0.0
1787,0.20937924699865107
1788,0.019296640604011372
1789,0.002157876935598324
1790,0.0
1791,0.0
1792,0.014253377983550308
1793,0.011065793614761787
1794,0.3801494602112143
1795,0.0904026336302195
1796,0.05241139243480575
1797,0.23597512139667742
1798,0.11019344258238561
1799,0.16894512627277436
1800,0.040618767496198416
1801,0.14423699936560297
1802,0.0
1803,0.30718010561031406
1804,0.41324241223082936
1805,0.27163757952075684
1806,0.02422667102109699
1807,0.012255221019586315
1808,0.0
1809,0.25600129919985193
1810,0.16879269990022294
1811,0.2468911198720889
1812,0.19252197837158747
1813,0.41824014724988956
1814,0.4587193379175005
1815,0.04144045395150897
1816,0.21002262835099827
1817,0.0
1818,0.0
1819,0.09544331372489978
1820,0.5395688068747404
1821,0.49107718426057545
1822,0.3961072611818963
1823,0.3027094486478745
1824,0.09794577545744687
1825,0.5352310427506382
1826,0.5352310427506382
1827,0.0
1828,0.017987792410167458
1829,0.334645616600028
1830,0.08911269511372666
1831,0.020898093914183846
1832,0.7004640837176339
1833,0.1249496121017728
1834,0.0
1835,0.11104327797693259
1836,0.0
1837,0.5493962114487658
1838,0.058610267094991286
1839,0.5977014164418506
1840,0.30815693290742274
1841,0.09949855199738522
1842,0.2299240815336816
1843,0.0
1844,0.04762236726014635
1845,0.08070864001456357
1846,0.0
1847,0.28613389903148345
1848,0.4264089282050918
1849,0.09917532466533885
1850,0.0
1851,0.2520017135066155
1852,0.08219253571951413
1853,0.01820890908857109
1854,0.02205618901825801
1855,0.044060683377665555
1856,0.10931260705547174
1857,0.1476926046925655
1858,0.0
1859,0.0
1860,0.04247983411369205
1861,0.0
1862,0.21791576992109185
1863,0.177132668246486
1864,0.20660313740518177
1865,0.75258031573685
1866,0.0931761024885418
1867,0.002597390564062607
1868,0.12841840861619858
1869,0.09805513974060887
1870,0.5127580171038062
1871,0.025099973000578757
1872,0.4649783204040432
1873,0.16471752199595358
1874,0.040630143096677784
1875,0.16220195032974516
1876,0.07567339703746256
1877,0.13154611390018545
1878,0.04052066669919441
1879,0.14536862226668745
1880,0.010876833778638684
1881,0.05542467180930544
1882,0.0
1883,0.3428951708938257
1884,0.017567160099133616
1885,0.020726615977764595
1886,0.12073047845933615
1887,0.0023361892558568798
1888,0.0
1889,0.02505128641405463
1890,0.22050769030101947
1891,0.0
1892,0.12057776997698966
1893,0.0
1894,0.15784504587281845
1895,0.0019229832414566772
1896,0.03468988436179643
1897,0.1822976102116627
1898,0.0
1899,0.08911269511372666
1900,0.5642605237699172
1901,0.0
1902,0.280787323588811
1903,0.20587252982113569
1904,0.6360222161520142
1905,0.6069579975064698
1906,0.1130712601061532
1907,0.0023878521205915604
1908,0.15951917562779272
1909,0.12387308231518546
1910,0.47205967941408744
1911,0.1703300277058588
1912,0.6522181263881066
1913,0.6642195825570525
1914,0.022826822678780445
1915,0.04455081290234375
1916,0.04052066669919441
1917,0.015237510278893751
1918,0.2473205442111066
1919,0.2468911198720889
1920,0.1593319890980638
1921,0.0038655248172290158
1922,0.0016788721213742974
1923,0.2690777043080743
1924,0.018047632601934538
1925,0.019264741732513357
1926,0.051335770397599845
1927,0.054452999086606724
1928,0.04288985783341559
1929,0.0022515915584335744
1930,0.013474019354362099
1931,0.014466148606516072
1932,0.0
1933,0.040630143096677784
1934,0.04033470586318799
1935,0.2247151937117451
1936,0.4743100964419682
1937,0.05444407064351253
1938,0.11085057383024832
1939,0.03174013826446753
1940,0.05574475971661741
1941,0.483871317957437
1942,0.33013609361296403
1943,0.01724592331902386
1944,0.0047533893357467605
1945,0.11262471839700083
1946,0.031191543625027407
1947,0.052916280132194515
1948,0.19001327014848357
1949,0.10223270620281255
1950,0.05463229181623319
1951,0.008465521778816765
1952,0.6524039562500548
1953,0.0016030325600695505
1954,0.0
1955,0.002580361423042632
1956,0.0
1957,0.017479953288329853
1958,0.0
1959,0.0
1960,1.941633217938943e-05
1961,0.019001954729901627
1962,0.046176530780940084
1963,0.00026862187496590195
1964,0.18941801113260226
1965,0.06844671437647776
1966,0.0
1967,0.0
1968,0.0
1969,0.016475218780215073
1970,0.0
1971,0.04980673365844268
1972,0.015402913221805647
1973,0.13735501282280893
1974,0.12042895222475636
1975,0.03405022000151803
1976,0.03467388336866861
1977,0.0631119841546024
1978,0.44193741210983717
1979,0.0
1980,0.22732927925426338
1981,0.06271697032207157
1982,0.11638541894535592
1983,0.15684237816640234
1984,0.0460364597820444
1985,0.04880075657274574
1986,0.38204325988863275
1987,0.13623713530068926
1988,0.08957129866394098
1989,0.14061482378383516
1990,0.09149772315140581
1991,0.35123837275568803
1992,0.11107918427660479
1993,0.11675707433460047
1994,0.03596571787420544
1995,0.0488465680682566
1996,0.04805613827375055
1997,0.07877009560979786
1998,0.0552756297383894
1999,0.3321914457078492
2000,0.03865071460495528
